[268.393, -47.5303, -18.595] 
[277.923, -55.7115, -29.1324] 
[255.873, -69.1505, -14.8781]
[277.824, -48.8204, -25.8403] 
[244.881, -70.265, -28.8205] 
[283.58, -52.087, -20.4561]
[288.387, -64.8874, 6.46283]
[226.161, -94.0521, -37.2495] 
[249.2, -56.1303, -7.25692, 
[235.342, -78.876, -5.26188, 
[275.517, -59.7534, -15.6229, 
[259.595, -87.0645, -25.3639, 
[230.915, -84.5236, -31.9173, 
226.663, -80.1143, -24.8084, 
227.573, -52.4744, 12.688, 
281.312, -67.1555, 1.97877, 
308.164, -73.1064, 9.28223, 
277.248, -58.1515, 7.31521, 
267.5, -58.9144, -8.06751, 
278.395, -59.069, -0.60859, 
242.61, -47.0125, 0.784615, 
288.519, -68.199, -29.7455, 
268.98, -64.7983, -4.58489, 
234.537, -56.4848, -26.692, 
244.45, -59.1692, -30.1984, 
226.375, -75.7317, -31.5194, 
229.292, -80.768, -52.141, 
281.402, -69.841, 2.81135, 
219.634, -82.7201, -14.449, 
253.004, -59.6297, -27.5334, 
231.661, -78.731, -24.3653, 
297.991, -78.612, 14.5493, 
223.151, -58.7603, -56.6535, 
245.959, -88.0995, -41.6266, 
243.408, -74.0116, 11.656, 
281.34, -68.3165, -18.9701, 
240.655, -66.1787, 5.62702, 
216.153, -68.5512, -34.3233, 
286.479, -54.368, -8.49709, 
231.917, -81.1879, -25.5275, 
290.448, -63.2229, -30.6163, 
281.366, -69.8254, 2.80303, 
220.893, -80.7001, -26.2252, 
229.288, -70.4612, -27.6436, 
227.422, -75.9256, -28.8882, 
255.412, -74.4343, 10.4528, 
242.284, -58.0921, -34.4431, 
264.211, -56.7089, -1.5101, 
244.074, -75.9818, -19.614, 
205.227, -81.5739, -41.4631, 
258.457, -88.5249, -21.684, 
243.264, -71.2665, -4.35799, 
239.283, -83.7268, -30.2716, 
288.701, -71.198, -6.54154, 
236.776, -78.1839, -29.3833, 
257.32, -67.5654, -19.8976, 
223.07, -61.6977, -18.2375, 
247.423, -80.5003, -16.5315, 
231.921, -78.8241, -40.9291, 
238.125, -48.3328, -45.5834, 
263.877, -64.7938, 16.9133, 
224.517, -66.1116, -33.5027, 
264.198, -51.6449, -11.8497, 
232.229, -40.7238, 0.170128, 
261.424, -95.8028, -11.6022, 
228.41, -66.433, -0.488667, 
276.139, -52.9254, -7.66802, 
259.463, -49.0233, 1.01904, 
224.092, -86.8757, -35.4058, 
235.989, -75.6218, -11.2518, 
253.538, -61.0865, 0.441289, 
234.206, -74.5648, -35.3568, 
248.698, -75.3961, -18.2801, 
243.881, -75.6983, -13.6463, 
220.865, -69.3559, -44.9327, 
220.938, -85.4181, -40.4957, 
230.902, -79.2552, -28.2825, 
283.684, -72.3567, -0.35544, 
239.296, -73.9695, -24.1523, 
266.41, -63.6868, 16.8617, 
231.073, -71.8869, -47.3909, 
284.461, -51.9494, -2.5451, 
295.124, -40.0112, -26.2265, 
292.251, -70.2797, 17.0, 
221.599, -76.5537, -45.0451, 
264.73, -61.2919, -17.3218, 
242.537, -78.035, -25.4885, 
238.746, -88.5715, -41.6298, 
273.723, -50.6031, 13.0717, 
244.484, -60.501, 5.73281, 
247.27, -73.75, -27.7826, 
289.119, -69.0537, -18.933, 
262.783, -47.6264, -15.4823, 
244.147, -74.8191, -20.2813, 
236.635, -68.0374, -32.1474, 
285.823, -39.69, -5.25879, 
294.301, -56.2484, 16.3637, 
229.861, -80.5367, -32.5063, 
287.137, -64.7924, -18.1709, 
229.166, -72.1479, -23.2658, 
